Diagonal A: 0.5 0.0333333 -0.00138889 0.000102041 
Det(A): -0.0000000023621

A^-1 :
       200      -1200       2100      -1120 
     -1200       8100     -15120       8400 
      2100     -15120      29400     -16800 
     -1120       8400     -16800       9800 

AA^-1 :
 1.00000000000000000 -0.00000000000022737  0.00000000000000000  0.00000000000000000 
-0.00000000000002842  1.00000000000022737  0.00000000000045475  0.00000000000000000 
 0.00000000000000000 -0.00000000000022737  1.00000000000045475  0.00000000000000000 
 0.00000000000000000  0.00000000000000000  0.00000000000000000  1.00000000000022737 

Condition number: 81389
